0 0
0.0078125 1.41885
0.015625 -0.00710678
0.0234375 0.112291
0.03125 1
0.0390625 -0.877658
0.046875 -1.40711
0.0546875 0.428905
0.0625 3.23255e-010
0.0703125 -0.428905
0.078125 1.40711
0.0859375 0.877658
0.09375 -1
0.101562 -0.112291
0.109375 0.00710678
0.117188 -1.41885
0.125 0
0.132812 0.311592
0.140625 0.60796
0.148438 0.874758
0.15625 1.09935
0.164062 1.27152
0.171875 1.38408
0.179688 1.43325
0.1875 1.41885
0.195312 1.34431
0.203125 1.21642
0.210938 1.0449
0.21875 0.841806
0.226562 0.620791
0.234375 0.396265
0.242188 0.182527
0.25 -0.00710678
0.257812 -0.161099
0.265625 -0.270391
0.273438 -0.328937
0.28125 -0.33407
0.289062 -0.286644
0.296875 -0.190982
0.304688 -0.054592
0.3125 0.112291
0.320312 0.297345
0.328125 0.486916
0.335938 0.666868
0.34375 0.823449
0.351562 0.94415
0.359375 1.01848
0.367188 1.03864
0.375 1
0.382812 0.901419
0.390625 0.745358
0.398438 0.537752
0.40625 0.287692
0.414062 0.00691214
0.421875 -0.290882
0.429688 -0.590806
0.4375 -0.877658
0.445312 -1.13681
0.453125 -1.35504
0.460938 -1.52133
0.46875 -1.6275
0.476562 -1.66865
0.484375 -1.64349
0.492188 -1.55436
0.5 -1.40711
0.507812 -1.21073
0.515625 -0.976834
0.523438 -0.718926
0.53125 -0.451625
0.539062 -0.18979
0.546875 0.0523646
0.554688 0.2621
0.5625 0.428905
0.570312 0.545101
0.578125 0.606286
0.585938 0.611566
0.59375 0.563591
0.601562 0.46836
0.609375 0.334834
0.617188 0.174368
0.625 3.23255e-010
0.632812 -0.174368
0.640625 -0.334834
0.648438 -0.46836
0.65625 -0.563591
0.664062 -0.611566
0.671875 -0.606286
0.679688 -0.545101
0.6875 -0.428905
0.695312 -0.2621
0.703125 -0.0523646
0.710938 0.18979
0.71875 0.451625
0.726562 0.718926
0.734375 0.976834
0.742188 1.21073
0.75 1.40711
0.757812 1.55436
0.765625 1.64349
0.773438 1.66865
0.78125 1.6275
0.789062 1.52133
0.796875 1.35504
0.804688 1.13681
0.8125 0.877658
0.820312 0.590806
0.828125 0.290882
0.835938 -0.00691214
0.84375 -0.287692
0.851562 -0.537752
0.859375 -0.745358
0.867188 -0.901419
0.875 -1
0.882812 -1.03864
0.890625 -1.01848
0.898438 -0.94415
0.90625 -0.823449
0.914062 -0.666868
0.921875 -0.486916
0.929688 -0.297345
0.9375 -0.112291
0.945312 0.054592
0.953125 0.190982
0.960938 0.286644
0.96875 0.33407
0.976562 0.328937
0.984375 0.270391
0.992188 0.161099
