0 0.0907409
1 0.0277084
2 0.0630448
3 0.0759128
4 0.176353
5 0.0537333
6 0.0288891
7 0.0583514
8 0.00612555
9 0.0181956
10 0.242459
11 0.0239636
12 0.0267459
13 0.0242675
14 0.0679116
15 0.0315117
16 0
17 0.0302239
18 0.0149583
19 0.0250478
20 0.0262335
21 0.0274779
22 0.0267993
23 0.0262859
24 0.0316174
25 0.0349389
26 0.0306893
27 0.0234167
28 0.0399527
29 0.00917182
30 0.0124599
31 0.0387793
32 0.0152346
33 0
34 0.0118735
35 0.0101216
36 0.0152032
37 0.037793
38 0.0200953
39 0.018823
40 0.0291336
41 0.013052
42 0.019271
43 0.0211497
44 0.0194096
45 0.0234673
46 0.0166965
47 0.0421985
48 0.0359413
49 0.0145032
50 0
51 0.0106789
52 0.0209583
53 0.019999
54 0.0415319
55 0.0220861
56 0.0179237
57 0.0198761
58 0.0398532
59 0.0241012
60 0.0243381
61 0.0133044
62 0.0133512
63 0.0342217
64 0.0630635
65 0.0093963
66 0.022
67 0
68 0.0231274
69 0.0200679
70 0.0117702
71 0.0175257
72 0.0217963
73 0.0151363
74 0.0382407
75 0.00664779
76 0.0411055
77 0.0318132
78 0.0537453
79 0.00854272
80 0.0399394
81 0.0486995
82 0.020356
83 0.0163836
84 0
85 0.0232467
86 0.0259655
87 0.0156716
88 0.0236335
89 0.0401926
90 0.0461122
91 0.0223296
92 0.0155332
93 0.0294518
94 0.00705329
95 0.0244617
96 0.0235576
97 0.0119157
98 0.0107351
99 0.0313606
100 0.0223423
101 0
102 0.0169492
103 0.0308567
104 0.0321309
105 0.0313643
106 0.0143725
107 0.011042
108 0.0196236
109 0.0219648
110 0.0257521
111 0.012562
112 0.0323322
113 0.0165528
114 0.0226628
115 0.0210552
116 0.02924
117 0.00643979
118 0
119 0.0157926
120 0.0193424
121 0.013372
122 0.0102198
123 0.0230699
124 0.0122903
125 0.0194962
126 0.0146614
127 0.0238728
