0 -0.671305
0.0078125 1.65507
0.015625 0.361611
0.0234375 -0.0828305
0.03125 -0.0164813
0.0390625 0.218123
0.046875 -0.0869956
0.0546875 -0.778236
0.0625 0
0.0703125 -1.07599
0.078125 0.425993
0.0859375 -0.0923019
0.09375 -0.59197
0.101562 0.0559212
0.109375 0.298895
0.117188 0.735595
0.125 0.525019
0.132812 0
0.140625 0.802386
0.148438 0.414359
0.15625 -0.177864
0.164062 -0.184643
0.171875 -0.137333
0.179688 -0.0293383
0.1875 0.453224
0.195312 0.478156
0.203125 0
0.210938 0.403074
0.21875 0.917536
0.226562 1.53426
0.234375 -0.0235403
0.242188 0.49737
0.25 0.988082
0.257812 -0.3998
0.265625 -0.199076
0.273438 0
0.28125 -0.140359
0.289062 -0.0275787
0.296875 0.372609
0.304688 -0.487625
0.3125 -0.467559
0.320312 0.601265
0.328125 -0.143859
0.335938 -0.0727525
0.34375 0
0.351562 -0.0489537
0.359375 -0.355065
0.367188 0.665671
0.375 -0.572637
0.382812 0.355068
0.390625 0.00923524
0.398438 -0.227849
0.40625 0.165129
0.414062 0
0.421875 -0.116398
0.429688 0.102526
0.4375 0.543316
0.445312 0.017963
0.453125 0.280802
0.460938 -0.0627006
0.46875 0.322517
0.476562 -0.317075
0.484375 0
0.492188 -0.770187
0.5 0.125188
0.507812 0.488278
0.515625 -1.84191
0.523438 -0.532726
0.53125 -0.261155
0.539062 0.0365358
0.546875 -0.163691
0.554688 0
0.5625 -0.316914
0.570312 0.85441
0.578125 -0.0843784
0.585938 0.923544
0.59375 -0.0357308
0.601562 0.666913
0.609375 -0.171641
0.617188 -1.35579
0.625 0
0.632812 0.0908023
0.640625 0.844993
0.648438 -0.285525
0.65625 0.627909
0.664062 0.838129
0.671875 -0.175427
0.679688 0.48623
0.6875 0.0967605
0.695312 0
0.703125 0.45977
0.710938 0.630311
0.71875 0.178241
0.726562 -0.0943997
0.734375 -0.0661371
0.742188 0.173408
0.75 0.799673
0.757812 -1.49507
0.765625 0
0.773438 0.203924
0.78125 -0.0602647
0.789062 0.719317
0.796875 1.38459
0.804688 -0.303949
0.8125 0.597546
0.820312 -0.335361
0.828125 0.279594
0.835938 0
0.84375 -0.020346
0.851562 1.1466
0.859375 -0.277918
0.867188 -0.288503
0.875 -0.538191
0.882812 1.03572
0.890625 -0.433768
0.898438 1.30721
0.90625 0
0.914062 0.00670916
0.921875 0.483897
0.929688 0.30883
0.9375 -0.806964
0.945312 -0.0565502
0.953125 -0.259895
0.960938 -0.608952
0.96875 -0.108972
0.976562 0
0.984375 -0.299294
0.992188 -0.341792
