0 -1.53269
0.0078125 3.9417
0.015625 -3.58376
0.0234375 -0.3764
0.03125 2.97791
0.0390625 -6.21758
0.046875 -1.09549
0.0546875 2.01444
0.0625 -4.42713
0.0703125 1.35485
0.078125 3.17092
0.0859375 2.88275
0.09375 5.49713
0.101562 -1.7378
0.109375 -0.490836
0.117188 1.96336
0.125 0
0.132812 -7.69937
0.140625 4.49233
0.148438 -1.05002
0.15625 3.45806
0.164062 2.14479
0.171875 4.41763
0.179688 1.50678
0.1875 -2.80752
0.195312 -6.23841
0.203125 -0.154426
0.210938 -4.7435
0.21875 0.0413013
0.226562 3.64785
0.234375 2.13882
0.242188 -0.243437
0.25 -3.24986
0.257812 0
0.265625 1.6349
0.273438 1.26678
0.28125 -5.92991
0.289062 -0.298238
0.296875 3.19469
0.304688 -1.59446
0.3125 1.14935
0.320312 3.32864
0.328125 -0.575193
0.335938 -1.01207
0.34375 2.17531
0.351562 -2.01581
0.359375 3.86693
0.367188 -0.801342
0.375 1.51733
0.382812 -0.663671
0.390625 0
0.398438 5.98547
0.40625 -1.60916
0.414062 3.55073
0.421875 -1.23024
0.429688 3.8303
0.4375 -3.0818
0.445312 0.777948
0.453125 0.0494984
0.460938 0.726516
0.46875 3.72476
0.476562 -0.840508
0.484375 -4.50402
0.492188 1.04428
0.5 -1.41172
0.507812 -4.90551
0.515625 -0.313875
0.523438 0
0.53125 -3.27836
0.539062 1.67432
0.546875 1.02956
0.554688 0.594538
0.5625 3.31344
0.570312 -5.9831
0.578125 -2.91447
0.585938 3.42373
0.59375 -3.83136
0.601562 1.93585
0.609375 2.29598
0.617188 3.71181
0.625 5.43447
0.632812 3.70444
0.640625 -3.42368
0.648438 0.280983
0.65625 0
0.664062 -4.71748
0.671875 2.44425
0.679688 -4.61709
0.6875 4.0922
0.695312 3.57175
0.703125 2.31126
0.710938 1.33066
0.71875 -1.95702
0.726562 -6.48021
0.734375 1.51443
0.742188 -6.20169
0.75 -2.06504
0.757812 3.37669
0.765625 -0.601034
0.773438 -0.459184
0.78125 3.4058
0.789062 0
0.796875 0.667396
0.804688 -5.02287
0.8125 -3.28836
0.820312 3.45693
0.828125 0.0933069
0.835938 -2.84022
0.84375 3.10883
0.851562 0.669541
0.859375 -0.0264718
0.867188 0.741566
0.875 3.23518
0.882812 1.43259
0.890625 -0.196943
0.898438 -2.42386
0.90625 5.08911
0.914062 -1.19237
0.921875 0
0.929688 1.9096
0.9375 -0.529022
0.945312 4.55041
0.953125 -5.12189
0.960938 3.03199
0.96875 -0.854818
0.976562 -1.54142
0.984375 -2.57451
0.992188 -0.0283869
