0 0.050781
1 0.0306886
2 0.171762
3 0.0818178
4 0.0293761
5 0.2306
6 0.071723
7 0.0233129
8 0
9 0.0250423
10 0.00701852
11 0.0199247
12 0.0325089
13 0.028251
14 0.0486316
15 0.0422419
16 0.0297066
17 0
18 0.0505927
19 0.0159712
20 0.0359628
21 0.0192551
22 0.0315009
23 0.0263964
24 0.039592
25 0.00825624
26 0
27 0.0487192
28 0.0528238
29 0.0301635
30 0.0117383
31 0.00762619
32 0.0244646
33 0.0480096
34 0.0234684
35 0
36 0.048331
37 0.0167542
38 0.0239534
39 0.034136
40 0.0151948
41 0.0184346
42 0.0255569
43 0.0617997
44 0
45 0.0364811
46 0.0177228
47 0.0282085
48 0.0385796
49 0.0214207
50 0.0775993
51 0.0178451
52 0.0461083
53 0
54 0.035479
55 0.0126928
56 0.00475902
57 0.0287665
58 0.0163139
59 0.0216165
60 0.0265086
61 0.0254511
62 0
63 0.00843372
64 0.0254885
65 0.0316538
66 0.0207651
67 0.00687898
68 0.0220748
69 0.0275671
70 0.02864
71 0
72 0.00743999
73 0.0325951
74 0.0256812
75 0.0129673
76 0.00786329
77 0.0161292
78 0.0292147
79 0.012038
80 0
81 0.0185277
82 0.0277564
83 0.0152975
84 0.007129
85 0.0173916
86 0.0196432
87 0.0236409
88 0.0182681
89 0
90 0.0470855
91 0.0536885
92 0.0170926
93 0.0305949
94 0.0290219
95 0.03371
96 0.0193665
97 0.0248988
98 0
99 0.0527281
100 0.0230419
101 0.0421982
102 0.0109703
103 0.0479633
104 0.0165073
105 0.0362909
106 0.0591629
107 0
108 0.0497332
109 0.024705
110 0.0393213
111 0.00966511
112 0.0195588
113 0.00740786
114 0.00858604
115 0.0276296
116 0
117 0.0305149
118 0.0115664
119 0.0235237
120 0.0306854
121 0.0229159
122 0.0251982
123 0.0117587
124 0.0249812
125 0
126 0.00997586
127 0.0487425
